%YAML:1.0
---
type: IMU
name: mysim
Gyr:
   unit: " rad/s"
   avg-axis:
      gyr_n: 5.8760671576795653e-05
      gyr_w: 3.8590984783975717e-06
   x-axis:
      gyr_n: 4.5649699680068877e-05
      gyr_w: 2.9649440624295746e-06
   y-axis:
      gyr_n: 6.0808643685743736e-05
      gyr_w: 3.6780641280448791e-06
   z-axis:
      gyr_n: 6.9823671364574339e-05
      gyr_w: 4.9342872447182613e-06
Acc:
   unit: " m/s^2"
   avg-axis:
      acc_n: 3.9534570684405623e-04
      acc_w: 1.1152938153345315e-05
   x-axis:
      acc_n: 3.8854370952136330e-04
      acc_w: 1.1260906346754093e-05
   y-axis:
      acc_n: 3.8474245833891460e-04
      acc_w: 1.1553926295429709e-05
   z-axis:
      acc_n: 4.1275095267189068e-04
      acc_w: 1.0643981817852142e-05
